MRAC on TeleopEnv metrics
duration_s=60.00
switch_time_s=30.00
steps=3000
tracking_rmse_m=0.12951035
transparency_rmse_w=4.21557158
max_abs_tracking_error_m=0.19740000
final_theta=-4.30788486,1.74168637,5.96142819,0.03930873,-0.79296737
