Paper-replica simulation metrics
duration_s=60.00
switch_time_s=30.00
steps=3000
tracking_rmse_m=0.07874205
transparency_rmse_w=61.48831247
max_abs_tracking_error_m=0.18910386
final_theta=-5.37584006,1.71601360,6.40053463,0.09888453,-0.78790206
